hx1-d09-gpu-04.hx1.hpc.ic.ac.uk
torch.__version__:2.3.0+cu118
torch.version.cuda:11.8
torch.backends.cudnn.version:8700
torch.backends.cudnn.enabled:True
evaluating 58523887 points...
classes          IoU
----------------------------
wall          : 0.865
floor         : 0.943
cabinet       : 0.545
bed           : 0.867
chair         : 0.838
sofa          : 0.634
table         : 0.556
door          : 0.766
window        : 0.507
bookshelf     : 0.201
picture       : 0.598
counter       : 0.454
desk          : 0.299
curtain       : 0.741
refrigerator  : 0.297
shower curtain: 0.802
toilet        : 0.819
sink          : 0.511
bathtub       : 0.784
other         : 0.234
ceiling       : 0.930
Mean IoU 0.49261134432497883
Mean Acc 0.6280621100439292
0.49261134432497883 0.49261134432497883
evaluating 58523887 points...
classes          IoU
----------------------------
wall          : 0.875
floor         : 0.945
cabinet       : 0.563
bed           : 0.877
chair         : 0.837
sofa          : 0.640
table         : 0.565
door          : 0.770
window        : 0.508
bookshelf     : 0.268
picture       : 0.599
counter       : 0.468
desk          : 0.291
curtain       : 0.751
refrigerator  : 0.322
shower curtain: 0.782
toilet        : 0.835
sink          : 0.512
bathtub       : 0.783
other         : 0.266
ceiling       : 0.933
Mean IoU 0.5089913020245176
Mean Acc 0.637660431966349
0.49891817577490577 0.5089913020245176
evaluating 58523887 points...
classes          IoU
----------------------------
wall          : 0.878
floor         : 0.946
cabinet       : 0.574
bed           : 0.875
chair         : 0.838
sofa          : 0.629
table         : 0.538
door          : 0.773
window        : 0.513
bookshelf     : 0.306
picture       : 0.597
counter       : 0.462
desk          : 0.285
curtain       : 0.757
refrigerator  : 0.316
shower curtain: 0.780
toilet        : 0.834
sink          : 0.518
bathtub       : 0.790
other         : 0.258
ceiling       : 0.934
Mean IoU 0.5103420542142737
Mean Acc 0.6382105098484244
0.4871279699984066 0.5103420542142737
evaluating 58523887 points...
classes          IoU
----------------------------
wall          : 0.879
floor         : 0.947
cabinet       : 0.574
bed           : 0.883
chair         : 0.841
sofa          : 0.644
table         : 0.549
door          : 0.774
window        : 0.521
bookshelf     : 0.227
picture       : 0.602
counter       : 0.458
desk          : 0.269
curtain       : 0.757
refrigerator  : 0.323
shower curtain: 0.799
toilet        : 0.833
sink          : 0.510
bathtub       : 0.795
other         : 0.256
ceiling       : 0.935
Mean IoU 0.5121834061636614
Mean Acc 0.6369589718860984
0.4943057628663721 0.5121834061636614
evaluating 58523887 points...
classes          IoU
----------------------------
wall          : 0.880
floor         : 0.947
cabinet       : 0.573
bed           : 0.880
chair         : 0.840
sofa          : 0.656
table         : 0.558
door          : 0.774
window        : 0.523
bookshelf     : 0.226
picture       : 0.602
counter       : 0.461
desk          : 0.252
curtain       : 0.760
refrigerator  : 0.327
shower curtain: 0.807
toilet        : 0.832
sink          : 0.510
bathtub       : 0.800
other         : 0.254
ceiling       : 0.935
Mean IoU 0.5135382958381864
Mean Acc 0.6379897306824364
0.49219583931488586 0.5135382958381864

====================================
CPU Time used: 00:02:14
CPU Percent: 0%
Memory usage: 22164684kb
Approx Power usage: 0.0004
Walltime usage: 00:03:13

====================================
